=== Run information ===

Scheme:       weka.clusterers.EM -I 100 -N -1 -X 10 -max -1 -ll-cv 1.0E-6 -ll-iter 1.0E-6 -M 1.0E-6 -K 10 -num-slots 1 -S 100
Relation:     directed_edgenode_uniform_processed-weka.filters.unsupervised.attribute.Remove-R1
Instances:    757
Attributes:   16
              dim_1
              dim_2
              dim_3
              dim_4
              dim_5
              dim_6
              dim_7
              dim_8
              dim_9
              dim_10
              dim_11
              dim_12
              dim_13
              dim_14
              dim_15
              dim_16
Test mode:    evaluate on training data


=== Clustering model (full training set) ===


EM
==

Number of clusters selected by cross validation: 12
Number of iterations performed: 73


            Cluster
Attribute         0       1       2       3       4       5       6       7       8       9      10      11
             (0.03)  (0.07)  (0.08)  (0.12)  (0.04)  (0.04)  (0.07)  (0.09)  (0.07)  (0.03)  (0.16)   (0.2)
============================================================================================================
dim_1
  mean        3.1215  2.2882   1.268  1.8639  4.8508  1.6206  3.2125  2.5547  3.4193  2.2542  2.4474  0.5079
  std. dev.   1.2195  0.9774  1.0249  1.7283  1.3755  1.6448  2.0926  2.3367  1.4256  0.6795  2.6964   0.874

dim_2
  mean        1.0715  0.5135  2.7472  2.2778  0.9882 -0.7452  3.5425  3.1444  4.2717   1.064  2.6196  0.6882
  std. dev.   0.7483   1.326  1.0146  1.7545  1.3991  1.4191  2.4554   2.408  1.1031  0.6349  2.5975  0.8878

dim_3
  mean        1.9695 -0.5608  0.7867    0.54 -0.0107 -0.9098 -0.1646  0.5619  1.5111  1.2273 -0.7339 -0.2108
  std. dev.   0.2812  2.6477  2.4476  2.3417  0.9864  1.3271  2.4195   1.764  1.5442  0.5858   3.026  0.9812

dim_4
  mean       -1.4761 -0.7265 -2.0721 -1.6079 -1.5677 -1.9478   0.309 -0.1513 -2.7922 -0.7543 -2.6833 -0.4218
  std. dev.    0.974  1.7459   2.459  1.7368  0.9245  0.8278  2.2236   1.759   1.572  0.4491  2.8564  1.0197

dim_5
  mean       -3.3728   -1.78 -3.5866 -1.5892 -5.1585 -3.2581 -4.5056 -1.2464 -3.6908 -1.0881 -3.6322 -0.9711
  std. dev.   1.4734  1.6874  1.1671  1.7289  0.8725  1.7759  1.3668   1.024  1.1067  0.7353  2.6058  1.0899

dim_6
  mean       -1.2812  2.0452 -1.3234  1.7784  0.7544  3.4297 -0.6086  1.4723 -0.9404  0.7014  0.4892  0.3038
  std. dev.   1.3565  1.3454  1.8542  2.1837  1.5806  1.4163  2.8902  2.0868  1.5054  0.5283  2.3381  1.0778

dim_7
  mean       -2.3235 -0.8938 -2.1056 -1.4017 -4.8341 -2.9092 -1.1999 -3.8336 -1.3028 -1.9463 -3.3619  -1.161
  std. dev.   2.2768  1.1615  1.7156  1.9985  1.7347  1.0288  1.8037  1.9243  1.4029  1.3195  2.7215  0.8675

dim_8
  mean        0.5913  1.2542  1.5188  0.0008 -0.2255 -0.3179  1.5981  0.7221  3.4072 -0.4891  1.1056  0.4234
  std. dev.   1.0409  1.2236  1.4072  1.7366  1.4864  0.7325  1.7013  1.6883  1.4164  0.3961  2.9173  1.1776

dim_9
  mean       -1.0929 -0.9872 -0.3416  0.1976  1.4442  0.6551 -0.6168 -0.3977 -1.1263  4.2005 -0.9975  0.0246
  std. dev.   0.6055  0.9377  1.6515  2.1924  2.0617  2.8619  2.1355  2.1508  1.6153  0.8233  2.5137  1.1347

dim_10
  mean       -1.6196  1.4156  0.6092 -1.2756  0.8458  -1.427 -3.0584 -0.2459 -0.1922 -2.0829  1.3435 -0.3837
  std. dev.   0.6707  0.9006  1.9051   1.551  0.9675  2.2664  2.4166  1.7269  2.3422  0.9597  2.1864  0.8899

dim_11
  mean       -2.2662  -2.433 -2.7022 -2.4431 -2.3311 -4.1161 -2.4305 -0.9529 -3.2231 -1.9831 -3.1705 -1.0329
  std. dev.   0.7042  1.0843  1.0396  2.9774  1.1297   2.093  2.0227  1.3638  1.8149  0.9968  3.0975  0.9327

dim_12
  mean       -1.1478 -2.2681 -2.4046 -1.4006  1.3127 -2.7859 -1.8933 -1.1882 -1.2207 -1.3976 -3.4959 -0.6531
  std. dev.   1.3974  2.0098  1.0272  2.7014  0.7006  1.5317  2.5679  1.7036  1.7687  0.4962   3.105  0.7896

dim_13
  mean        1.4368  0.5973  0.6482  1.5254 -0.9649  1.5441  0.4366  1.2893 -1.3828  1.2943  0.4898  0.3398
  std. dev.   1.6582  1.3589  0.7702  2.3063  0.9736  0.8772  1.8698  1.6579  1.2372   1.281  2.7813  1.2091

dim_14
  mean        -0.984   1.471  0.7681  4.1261 -0.3581 -0.1642  1.0988  0.9328   1.094  1.3797  2.1337  1.2925
  std. dev.   0.4007  1.5929  1.6248  1.6588    1.05  1.9652  2.3197  1.6437  1.1976  0.9386  2.7228  0.9452

dim_15
  mean         0.627  0.9343 -0.8221  0.3169 -0.9891  2.2902   2.142   0.551  -1.902  0.8561  0.2001  0.2659
  std. dev.    1.319  1.1177  2.0881  1.8966  0.9652  1.1734  1.6628  2.3693  1.3172  0.5695  2.9231  1.0997

dim_16
  mean       -1.2584 -1.9293 -0.5925 -0.1678  0.9951 -0.8639 -1.7384  0.4705  0.8224 -0.1182  0.4637  0.1291
  std. dev.   1.1741  1.5242  1.8444  1.9611  1.6288  0.9713  2.1972  1.3645  1.1427  0.4792  2.6278   1.184



Time taken to build model (full training data) : 75.88 seconds

=== Model and evaluation on training set ===

Clustered Instances

 0       25 (  3%)
 1       48 (  6%)
 2       59 (  8%)
 3       93 ( 12%)
 4       30 (  4%)
 5       27 (  4%)
 6       54 (  7%)
 7       68 (  9%)
 8       55 (  7%)
 9       25 (  3%)
10      116 ( 15%)
11      157 ( 21%)


Log likelihood: -31.658

